0 0.188937 0.168305 0.112687 0.044453
0 0.502430 0.151633 0.104766 0.065078
0 0.733383 0.127031 0.119047 0.069844
1 0.506141 0.490703 0.187812 0.493594
1 0.209969 0.489469 0.187812 0.493594
1 0.729953 0.465391 0.187812 0.493594
2 0.207617 0.508781 0.235922 0.751094
2 0.503664 0.482250 0.235922 0.751094
2 0.754133 0.463016 0.235922 0.751094
2 0.201742 0.499445 0.286328 0.723734
2 0.503180 0.480016 0.218703 0.739563
2 0.739148 0.462734 0.215828 0.791406
1 0.203187 0.538289 0.231656 0.545328
1 0.503187 0.487930 0.169781 0.507922
1 0.729078 0.465625 0.166906 0.497844