0 0.537047 0.256187 0.055563 0.080250
0 0.474289 0.225320 0.069953 0.113172
2 0.305852 0.532766 0.153078 0.641969
1 0.395078 0.401250 0.067906 0.197531
1 0.317914 0.447547 0.135797 0.261313
1 0.767500 0.581289 0.117281 0.281891
1 0.597750 0.438281 0.094656 0.234563
1 0.173875 0.377586 0.144031 0.294234
0 0.788078 0.385813 0.080250 0.117281
1 0.479438 0.413594 0.113156 0.255156
2 0.466344 0.499430 0.153094 0.683953
2 0.773750 0.615477 0.116063 0.639516
2 0.171281 0.500664 0.204937 0.879016
0 0.171820 0.144039 0.082297 0.111109
0 0.313797 0.247953 0.061719 0.080250
0 0.401250 0.263383 0.055562 0.057609
0 0.604945 0.290141 0.059672 0.090531