1 0.309523 0.604867 0.168609 0.235922
0 0.561797 0.328898 0.106062 0.086578
0 0.322406 0.438312 0.090906 0.079875
0 0.564937 0.466445 0.091125 0.093297
2 0.525734 0.363180 0.263375 0.187234
2 0.571000 0.530875 0.172844 0.226344
2 0.697539 0.594664 0.203703 0.259266
2 0.297336 0.487664 0.127578 0.193422
2 0.389930 0.565859 0.193422 0.292187
1 0.693836 0.638523 0.248922 0.168609
0 0.687227 0.497727 0.118828 0.090922
1 0.373484 0.601625 0.309531 0.229437
1 0.514070 0.397078 0.227484 0.205625
1 0.602711 0.600758 0.209953 0.218609