2 0.152672 0.538445 0.254812 0.634078
3 0.156477 0.300430 0.081484 0.083953
3 0.478695 0.453508 0.088891 0.123453
3 0.800914 0.328820 0.125922 0.125922
3 0.330555 0.411539 0.083922 0.079016
3 0.633016 0.421414 0.081469 0.074078
2 0.468234 0.645133 0.275531 0.480047
2 0.828227 0.584375 0.272578 0.583719
2 0.341797 0.559719 0.114313 0.348688
2 0.633297 0.583281 0.114312 0.395813
2 0.531125 0.439672 0.112875 0.197188
2 0.411820 0.512547 0.105734 0.337219
2 0.957391 0.495406 0.085219 0.402938
2 0.634719 0.378234 0.057156 0.100031
2 0.043875 0.473258 0.078594 0.444391
2 0.311789 0.338227 0.100016 0.125734
2 0.447539 0.331797 0.054297 0.087156
2 0.401813 0.344656 0.060000 0.098594
2 0.551133 0.297508 0.084297 0.095734
2 0.555422 0.343938 0.052875 0.077156