0 0.865938 0.225438 0.158750 0.155562
0 0.719891 0.220680 0.139688 0.120641
0 0.471477 0.150844 0.128578 0.161906
0 0.337352 0.105602 0.133328 0.074609
2 0.663328 0.552836 0.274438 0.820891
1 0.708750 0.702422 0.358750 0.588906
1 0.646062 0.658781 0.226938 0.463500
1 0.377812 0.544453 0.300000 0.511094
1 0.133359 0.459602 0.265156 0.566734
2 0.226375 0.466211 0.447188 0.922016
2 0.370555 0.518867 0.442016 0.961734
2 0.741766 0.564758 0.480000 0.870484
2 0.582063 0.567344 0.454094 0.865312
2 0.356414 0.517969 0.339391 0.943750
2 0.208891 0.504695 0.417781 0.989422
2 0.757219 0.579313 0.356281 0.811281