1 0.091992 0.398266 0.157797 0.311469
1 0.185062 0.429648 0.140469 0.331391
1 0.307359 0.391672 0.121000 0.246750
1 0.350539 0.433984 0.112547 0.296750
1 0.474133 0.396000 0.142859 0.246750
1 0.614828 0.357141 0.147187 0.195031
1 0.683875 0.587664 0.164500 0.248703
1 0.915531 0.483766 0.168938 0.331375
3 0.911109 0.285641 0.074406 0.073469
3 0.093547 0.210844 0.102406 0.077406
3 0.190477 0.248469 0.066672 0.066688
3 0.323250 0.268719 0.055969 0.057156
3 0.355398 0.274070 0.036922 0.036922
3 0.490000 0.253828 0.055938 0.058344
3 0.609031 0.250852 0.048812 0.040484
3 0.673328 0.485430 0.053594 0.059547
2 0.076234 0.472828 0.152469 0.591562
2 0.172469 0.443562 0.140031 0.481500
2 0.303219 0.473539 0.118594 0.458672
2 0.352516 0.327078 0.048594 0.140031
2 0.472539 0.439984 0.122891 0.414406
2 0.594000 0.412813 0.125750 0.385813
2 0.678305 0.577141 0.162891 0.262906
2 0.891922 0.504266 0.175750 0.488687