2 0.578688 0.453750 0.121000 0.681469
1 0.746898 0.511297 0.150203 0.302469
1 0.595664 0.375500 0.102891 0.281906
1 0.463984 0.412539 0.119344 0.244859
1 0.353898 0.371383 0.121391 0.216047
1 0.234555 0.355953 0.121391 0.255156
1 0.082289 0.329211 0.137859 0.308641
0 0.768500 0.296281 0.102875 0.127562
0 0.599781 0.162539 0.061719 0.123453
2 0.461398 0.456219 0.113578 0.558031
2 0.355227 0.426594 0.093828 0.558031
2 0.236711 0.416711 0.108641 0.632109
0 0.473234 0.248961 0.067906 0.098766
2 0.088563 0.442641 0.158031 0.812344
0 0.352867 0.224266 0.078203 0.107000
0 0.241758 0.178992 0.074078 0.098766
0 0.076117 0.089492 0.080234 0.067891
2 0.733016 0.559930 0.182719 0.691359