1 0.653680 0.559523 0.086359 0.080297
1 0.560609 0.570344 0.047406 0.080313
1 0.439500 0.540047 0.056281 0.075969
1 0.401516 0.548703 0.040906 0.071219
1 0.029219 0.569148 0.058219 0.160172
1 0.848375 0.533445 0.242437 0.365797
1 0.234852 0.498922 0.231391 0.370344
0 0.448055 0.505406 0.060391 0.058219
0 0.411258 0.518508 0.043078 0.054109
0 0.564937 0.517320 0.047406 0.043078
0 0.652492 0.506492 0.054109 0.056484
0 0.017258 0.437125 0.034516 0.099562
0 0.693727 0.403680 0.145234 0.197172
0 0.396102 0.334414 0.117109 0.171203
2 0.786906 0.569375 0.409094 0.541125
2 0.277055 0.528141 0.368172 0.571219