0 0.874461 0.188313 0.078141 0.073375
1 0.885156 0.334430 0.178750 0.388891
1 0.900859 0.381539 0.113531 0.309172
1 0.667766 0.303039 0.169094 0.282609
1 0.462461 0.310273 0.135266 0.224641
1 0.381539 0.315109 0.118359 0.210156
1 0.255406 0.357141 0.155625 0.268625
1 0.171102 0.324680 0.290047 0.346109
0 0.919914 0.073594 0.121422 0.112344
0 0.664398 0.122297 0.086578 0.084625
0 0.465367 0.176516 0.073797 0.097406
0 0.400437 0.161258 0.073812 0.088953
0 0.265148 0.182898 0.084641 0.075984
0 0.145023 0.117969 0.095453 0.088531
2 0.146805 0.430789 0.207328 0.753078
2 0.917211 0.436961 0.128391 0.750609
2 0.257969 0.403625 0.098813 0.565438
2 0.656719 0.377703 0.204937 0.592594
2 0.472758 0.394984 0.113578 0.528406
2 0.391242 0.376437 0.093766 0.525875