2 0.855469 0.449648 0.289062 0.603516
1 0.359102 0.437023 0.124734 0.241078
1 0.486250 0.348891 0.112781 0.223125
1 0.435250 0.406477 0.205031 0.316578
1 0.599516 0.366914 0.205031 0.316578
1 0.836930 0.428055 0.205047 0.316578
1 0.291352 0.502398 0.205047 0.316578
0 0.363289 0.193633 0.077797 0.111484
0 0.305758 0.269781 0.068266 0.079125
0 0.438852 0.206234 0.068266 0.079125
0 0.771000 0.218227 0.082687 0.079141
0 0.531172 0.202633 0.068250 0.079141
0 0.210398 0.290164 0.068266 0.079141
1 0.112094 0.507180 0.224187 0.316578
2 0.624711 0.460125 0.290266 0.623375
0 0.026367 0.260164 0.052734 0.079141
2 0.350156 0.569609 0.366250 0.677656
2 0.201891 0.598117 0.403781 0.803766