0 0.747953 0.300422 0.049375 0.037031
2 0.101813 0.508156 0.203625 0.567906
2 0.284906 0.497867 0.211937 0.534984
2 0.511273 0.488602 0.174953 0.639922
2 0.782844 0.557531 0.146094 0.555563
2 0.701539 0.424820 0.065891 0.351859
2 0.601773 0.398070 0.055547 0.232516
0 0.312766 0.282938 0.076125 0.055563
0 0.049398 0.290141 0.088484 0.065844
0 0.508242 0.229430 0.080234 0.059672
0 0.805570 0.313805 0.074078 0.072016
0 0.595695 0.309680 0.032922 0.030859
0 0.404336 0.308656 0.028797 0.028812
0 0.355984 0.328203 0.039094 0.039094
0 0.221203 0.304539 0.041156 0.037047
0 0.268531 0.309680 0.028813 0.043203
1 0.098781 0.439312 0.170781 0.191344
1 0.277789 0.455773 0.199578 0.211922
1 0.512359 0.388898 0.146094 0.181078
1 0.789109 0.452687 0.115219 0.168719
1 0.731492 0.381703 0.090547 0.117281
1 0.601867 0.369359 0.045266 0.051437
1 0.223266 0.343633 0.053500 0.041141