1 0.612445 0.558437 0.090922 0.203687
1 0.758656 0.619047 0.166875 0.363844
0 0.503250 0.422078 0.058656 0.056062
0 0.551945 0.418828 0.065141 0.049563
0 0.615695 0.433008 0.054109 0.051953
0 0.780305 0.400437 0.084203 0.082469
2 0.754328 0.595242 0.196750 0.428359
2 0.606062 0.554109 0.103688 0.311469
2 0.575758 0.572508 0.112766 0.365578
2 0.493508 0.573594 0.112766 0.359094
2 0.412445 0.566016 0.158016 0.422281
0 0.417750 0.399242 0.064719 0.054109
1 0.422078 0.587664 0.125750 0.309734
1 0.502055 0.582141 0.103891 0.272719
1 0.549680 0.564937 0.086578 0.255625