0 0.927992 0.418734 0.109047 0.121406
2 0.146344 0.265109 0.061719 0.237031
2 0.424117 0.241656 0.118516 0.214813
2 0.547531 0.371281 0.128500 0.217281
2 0.583383 0.208320 0.086422 0.162953
2 0.690789 0.291031 0.138266 0.209875
0 0.155367 0.219148 0.074078 0.059672
2 0.835227 0.376219 0.091359 0.291344
2 0.940164 0.492273 0.113578 0.296297
2 0.461156 0.721898 0.271594 0.518516
2 0.173508 0.594742 0.269141 0.738266
0 0.231492 0.351867 0.168734 0.226328
0 0.292195 0.182109 0.043203 0.051437
0 0.268531 0.147133 0.037031 0.043203
0 0.306602 0.158445 0.034984 0.049391
0 0.381703 0.169766 0.024688 0.051438
0 0.412563 0.176969 0.057625 0.069969
0 0.476352 0.152273 0.057609 0.045266
0 0.593633 0.175937 0.061734 0.080250
0 0.210914 0.172852 0.069953 0.053484
0 0.252070 0.172852 0.028797 0.049391
0 0.677992 0.258242 0.049391 0.063797
0 0.850836 0.330258 0.102891 0.100828