2 0.389523 0.422242 0.040016 0.085734
2 0.451680 0.440820 0.075734 0.128609
2 0.552422 0.489398 0.120031 0.277203
2 0.661727 0.504406 0.138609 0.250062
2 0.789617 0.490836 0.142891 0.288641
2 0.343797 0.506547 0.102875 0.265781
2 0.216664 0.564422 0.140109 0.441531
3 0.755414 0.364742 0.041672 0.050609
3 0.676523 0.411383 0.046641 0.046641
3 0.541070 0.387070 0.053578 0.039703
3 0.445813 0.404930 0.039687 0.037703
3 0.396203 0.413367 0.035719 0.040672
3 0.354031 0.397984 0.040687 0.033750
3 0.248047 0.392930 0.048625 0.038703