1 0.711953 0.413594 0.104938 0.144031
1 0.299781 0.450219 0.140469 0.182031
1 0.523813 0.549680 0.173375 0.207797
1 0.712125 0.414398 0.117094 0.166672
0 0.720781 0.316016 0.091125 0.069469
2 0.702594 0.445391 0.220156 0.393000
2 0.474203 0.572969 0.265437 0.438281
2 0.294156 0.475234 0.172844 0.382719
0 0.280305 0.338641 0.088953 0.067094
0 0.282937 0.343633 0.082312 0.074078
0 0.512359 0.418734 0.088469 0.088469
0 0.716062 0.319969 0.096719 0.063781
1 0.301453 0.450625 0.123469 0.156375
1 0.510297 0.548367 0.158438 0.211922
0 0.510820 0.417859 0.086359 0.082250