3 0.330156 0.280953 0.117469 0.061906
2 0.107117 0.534109 0.211109 0.687312
2 0.340453 0.555531 0.252375 0.647625
2 0.561094 0.533313 0.160312 0.676188
2 0.780930 0.503156 0.273016 0.746031
2 0.961883 0.485695 0.073016 0.349203
2 0.201570 0.353945 0.057141 0.111109
2 0.263469 0.356328 0.047625 0.077781
2 0.450773 0.453945 0.066672 0.279359
2 0.509500 0.364266 0.044437 0.106344
3 0.068234 0.219828 0.117469 0.061906
3 0.585711 0.214281 0.117453 0.061906
3 0.738055 0.161891 0.206422 0.080969
3 0.946016 0.312703 0.066719 0.046031
3 0.203172 0.288891 0.117469 0.061906
3 0.274602 0.309531 0.117453 0.061906