1 0.462945 0.499984 0.100828 0.205750
1 0.575094 0.585375 0.078187 0.170781
1 0.659453 0.622414 0.082313 0.125516
1 0.852867 0.850812 0.115234 0.170781
1 0.924883 0.800398 0.078203 0.172828
1 0.253070 0.352867 0.154328 0.351859
0 0.906367 0.635789 0.057609 0.074078
0 0.838469 0.710898 0.053500 0.059672
0 0.612125 0.458836 0.078187 0.057609
0 0.525703 0.385789 0.082313 0.129641
0 0.267477 0.085375 0.125516 0.080250
2 0.840172 0.830539 0.175312 0.335797
2 0.928109 0.771281 0.143781 0.444438
2 0.616711 0.671281 0.158016 0.530875
2 0.480930 0.647367 0.177828 0.705266
2 0.236461 0.510789 0.325922 0.955547